calibs:
  0:
    sweeps:
    - curve: 0.2119140625
      gibmag: -0.0012178421020507812
      gibphase: 1.0185546875
      ogeemag: -0.1622314453125
      ogeephase: 1.5576171875
      phase: 0.0
      tilt: -0.0452880859375
    - curve: 0.48291015625
      gibmag: -0.0023517608642578125
      gibphase: 1.404296875
      ogeemag: -0.138671875
      ogeephase: 1.0537109375
      phase: -0.005176544189453125
      tilt: 0.045166015625
    uid: 3844694239
  1:
    sweeps:
    - curve: 0.3076171875
      gibmag: -0.002933502197265625
      gibphase: 1.068359375
      ogeemag: -0.11181640625
      ogeephase: 1.6318359375
      phase: 0.0
      tilt: -0.0496826171875
    - curve: 0.337158203125
      gibmag: -0.00478363037109375
      gibphase: 1.32421875
      ogeemag: 0.0687255859375
      ogeephase: 0.1448974609375
      phase: -0.00797271728515625
      tilt: 0.0469970703125
    uid: 3330609214
geos: {}
systemType: 2
type: lighthouse_system_configuration
version: '1'
